cam0:
  cam_overlaps: [1]
  camera_model: pinhole
  distortion_coeffs: [-0.03303146868265763, 0.034678610612002406, -5.6959628737108704e-05,
    -0.000669024164201031]
  distortion_model: radtan
  intrinsics: [269.5247385873184, 270.59495673766224, 339.44181755717057, 194.8021422927219]
  resolution: [672, 376]
  rostopic: /zed2/zed_node/left/image_rect_color
cam1:
  T_cn_cnm1:
  - [0.9999623651114787, -0.006388033603775237, -0.005870382213245012, -0.01688026955839094]
  - [0.0064620687172878095, 0.9998987192066515, 0.012680417847436789, -0.033865643404470035]
  - [0.005788784720957873, -0.012717875434583465, 0.9999023680419402, -0.001742548557179162]
  - [0.0, 0.0, 0.0, 1.0]
  cam_overlaps: [0]
  camera_model: pinhole
  distortion_coeffs: [0.08893743302382957, -0.041370446032127216, 0.0004603755066125714,
    -0.002039142406733587]
  distortion_model: radtan
  intrinsics: [620.4612163875257, 621.842608137945, 636.7236223659006, 369.2040860158079]
  resolution: [1280, 720]
  rostopic: /rgb/image_raw
