cam0:
  cam_overlaps: [1]
  camera_model: pinhole
  distortion_coeffs: [-0.0490113023645913, 0.05301009604602044, 0.0014435295654676987,
    -0.0007044984800564373]
  distortion_model: radtan
  intrinsics: [268.33807147434, 268.8446210795591, 339.58697088299016, 194.65987007969002]
  resolution: [672, 376]
  rostopic: /zed2/zed_node/left/image_rect_color
cam1:
  T_cn_cnm1:
  - [0.9999351673540698, -0.0081528037175799, -0.007949394953763725, -0.016562022434575857]
  - [0.008283532992572869, 0.9998286703070721, 0.01655334144978475, -0.03641063384345898]
  - [0.00781307684265716, -0.01661811732823007, 0.9998313827874759, 0.003245627959119148]
  - [0.0, 0.0, 0.0, 1.0]
  cam_overlaps: [0]
  camera_model: pinhole
  distortion_coeffs: [0.0839832280769258, -0.036514288743005205, -0.00020428719515351237,
    -0.00013058251036429078]
  distortion_model: radtan
  intrinsics: [621.5418040643143, 621.1533070438675, 636.4131816713367, 368.025563181961]
  resolution: [1280, 720]
  rostopic: /rgb/image_raw
