cam0:
  cam_overlaps: [1]
  camera_model: pinhole
  distortion_coeffs: [0.0843031949670298, -0.03725370975075125, -0.0004826168535339003,
    4.875389528522736e-05]
  distortion_model: radtan
  intrinsics: [621.3833428908707, 620.8712886150397, 636.7332160455616, 367.6288588098253]
  resolution: [1280, 720]
  rostopic: /project/sync_tof_gray_img
cam1:
  T_cn_cnm1:
  - [0.9999540024625524, 0.007858266541504219, 0.005499145941527321, 0.016293823955529838]
  - [-0.007752062013441552, 0.9997880059890019, -0.01907481625277041, 0.03537096900370285]
  - [-0.005647875145866594, 0.019031309137835815, 0.9998029359723037, -0.0009723014067206465]
  - [0.0, 0.0, 0.0, 1.0]
  cam_overlaps: [0]
  camera_model: pinhole
  distortion_coeffs: [-0.0519825701477543, 0.05811349104901634, 0.001784922247763756,
    0.0002826112380142855]
  distortion_model: radtan
  intrinsics: [268.7766835463957, 269.13320983642836, 340.34707122512486, 195.39203647596136]
  resolution: [672, 376]
  rostopic: /project/sync_left_gray_img
