cam0:
  cam_overlaps: [1]
  camera_model: pinhole
  distortion_coeffs: [0.09148468639546792, -0.050814521192041426, -0.0004696782169571064,
    0.00029995519020823764]
  distortion_model: radtan
  intrinsics: [621.4615173108292, 621.0154308515885, 637.2076537540147, 367.3978629792007]
  resolution: [1280, 720]
  rostopic: /rgb/image_raw
cam1:
  T_cn_cnm1:
  - [0.9999207206955751, 0.00807609851764482, 0.00966069129883535, 0.016275284676989916]
  - [-0.0079233412877391, 0.9998446085094103, -0.015747364779502396, 0.034966577369953435]
  - [-0.009786367378966864, 0.015669571385140014, 0.9998293312091451, -0.005843797316462082]
  - [0.0, 0.0, 0.0, 1.0]
  cam_overlaps: [0]
  camera_model: pinhole
  distortion_coeffs: [-0.02868697546066827, 0.02348775055820179, 0.0005660111735911571,
    -0.000838186681663493]
  distortion_model: radtan
  intrinsics: [266.83804592924497, 267.4956972664349, 339.33707134560126, 194.60422514511347]
  resolution: [672, 376]
  rostopic: /zed2/zed_node/left/image_rect_color
