cam0:
  cam_overlaps: []
  camera_model: pinhole
  distortion_coeffs: [0.08165790367765835, -0.03436268630250994, 0.00040332856659275313,
    -0.0021480689404023193]
  distortion_model: radtan
  intrinsics: [618.5376061045239, 620.2348301020309, 633.839484602112, 368.51473346140284]
  resolution: [1280, 720]
  rostopic: /rgb/image_raw
