cam0:
  T_cam_imu:
  - [-0.0018049361964197486, -0.9999932437568846, -0.0032022876062430816, -0.03186530061662646]
  - [0.01997996106131228, -0.0032377160095313773, 0.9997951381913358, -0.004813836197396247]
  - [-0.9997987514301653, 0.001740584852246152, 0.019985669942657214, -0.05376645619904354]
  - [0.0, 0.0, 0.0, 1.0]
  cam_overlaps: []
  camera_model: pinhole
  distortion_coeffs: [0.08165790367765835, -0.03436268630250994, 0.00040332856659275313,
    -0.0021480689404023193]
  distortion_model: radtan
  intrinsics: [618.5376061045239, 620.2348301020309, 633.839484602112, 368.51473346140284]
  resolution: [1280, 720]
  rostopic: /rgb/image_raw
  timeshift_cam_imu: 0.019013075308647053
