cam0:
  camera_model: pinhole
  distortion_coeffs: [-0.45381741429867556, 0.2165282829860916, -0.0013200359373566834,
    0.005242784038064454]
  distortion_model: radtan
  intrinsics: [610.4246263007327, 614.6260122541387, 290.049549651898, 261.4077426106658]
  resolution: [640, 480]
  rostopic: /cam0/image_raw

